0.45652173913043503
0.45652173913043503
0.45652173913043503
0.45652173913043503
0.45652173913043503
0.45652173913043503
0.45652173913043503
0.45652173913043503
0.45652173913043503
0.45652173913043503
0.45652173913043503
0.45652173913043503
0.45652173913043503
0.45652173913043503
0.45652173913043503
0.45652173913043503
0.45652173913043503
0.45652173913043503
0.45652173913043503
0.45652173913043503
0.45652173913043503
0.45652173913043503
0.45652173913043503
0.45652173913043503
0.45652173913043503
0.45652173913043503
0.45652173913043503
0.45652173913043503
0.45652173913043503
0.45652173913043503
0.45652173913043503
0.35507246376811596
0.35507246376811596
0.35507246376811596
0.35507246376811596
0.35507246376811596
0.35507246376811596
0.35507246376811596
0.35507246376811596
0.35507246376811596
0.35507246376811596
0.35507246376811596
0.35507246376811596
0.35507246376811596
0.35507246376811596
0.35507246376811596
0.35507246376811596
0.35507246376811596
0.35507246376811596
0.35507246376811596
0.35507246376811596
0.35507246376811596
0.35507246376811596
0.35507246376811596
0.35507246376811596
0.35507246376811596
0.35507246376811596
0.35507246376811596
0.35507246376811596
0.40760869565217395
0.40760869565217395
0.40760869565217395
0.40760869565217395
0.40760869565217395
0.40760869565217395
0.40760869565217395
0.40760869565217395
0.40760869565217395
0.40760869565217395
0.40760869565217395
0.40760869565217395
0.40760869565217395
0.40760869565217395
0.40760869565217395
0.40760869565217395
0.40760869565217395
0.40760869565217395
0.40760869565217395
0.40760869565217395
0.40760869565217395
0.40760869565217395
0.40760869565217395
0.40760869565217395
0.40760869565217395
0.40760869565217395
0.40760869565217395
0.40760869565217395
0.40760869565217395
0.40760869565217395
0.40760869565217395
0.298913043478261
0.298913043478261
0.298913043478261
0.298913043478261
0.298913043478261
0.298913043478261
0.298913043478261
0.298913043478261
0.298913043478261
0.298913043478261
0.298913043478261
0.298913043478261
0.298913043478261
0.298913043478261
0.298913043478261
0.298913043478261
0.298913043478261
0.298913043478261
0.298913043478261
0.298913043478261
0.298913043478261
0.298913043478261
0.298913043478261
0.298913043478261
0.298913043478261
0.298913043478261
0.298913043478261
0.298913043478261
0.298913043478261
0.298913043478261
0.39855072463768104
0.39855072463768104
0.39855072463768104
0.39855072463768104
0.39855072463768104
0.39855072463768104
0.39855072463768104
0.39855072463768104
0.39855072463768104
0.39855072463768104
0.39855072463768104
0.39855072463768104
0.39855072463768104
0.39855072463768104
0.39855072463768104
0.39855072463768104
0.39855072463768104
0.39855072463768104
0.39855072463768104
0.39855072463768104
0.39855072463768104
0.39855072463768104
0.39855072463768104
0.39855072463768104
0.39855072463768104
0.39855072463768104
0.39855072463768104
0.39855072463768104
0.39855072463768104
0.39855072463768104
0.39855072463768104
0.5307971014492749
0.5307971014492749
0.5307971014492749
0.5307971014492749
0.5307971014492749
0.5307971014492749
0.5307971014492749
0.5307971014492749
0.5307971014492749
0.5307971014492749
0.5307971014492749
0.5307971014492749
0.5307971014492749
0.5307971014492749
0.5307971014492749
0.5307971014492749
0.5307971014492749
0.5307971014492749
0.5307971014492749
0.5307971014492749
0.5307971014492749
0.5307971014492749
0.5307971014492749
0.5307971014492749
0.5307971014492749
0.5307971014492749
0.5307971014492749
0.5307971014492749
0.5307971014492749
0.5307971014492749
0.76268115942029
0.76268115942029
0.76268115942029
0.76268115942029
0.76268115942029
0.76268115942029
0.76268115942029
0.76268115942029
0.76268115942029
0.76268115942029
0.76268115942029
0.76268115942029
0.76268115942029
0.76268115942029
0.76268115942029
0.76268115942029
0.76268115942029
0.76268115942029
0.76268115942029
0.76268115942029
0.76268115942029
0.76268115942029
0.76268115942029
0.76268115942029
0.76268115942029
0.76268115942029
0.76268115942029
0.76268115942029
0.76268115942029
0.76268115942029
0.76268115942029
0.742753623188406
0.742753623188406
0.742753623188406
0.742753623188406
0.742753623188406
0.742753623188406
0.742753623188406
0.742753623188406
0.742753623188406
0.742753623188406
0.742753623188406
0.742753623188406
0.742753623188406
0.742753623188406
0.742753623188406
0.742753623188406
0.742753623188406
0.742753623188406
0.742753623188406
0.742753623188406
0.742753623188406
0.742753623188406
0.742753623188406
0.742753623188406
0.742753623188406
0.742753623188406
0.742753623188406
0.742753623188406
0.742753623188406
0.742753623188406
0.742753623188406
0.610507246376812
0.610507246376812
0.610507246376812
0.610507246376812
0.610507246376812
0.610507246376812
0.610507246376812
0.610507246376812
0.610507246376812
0.610507246376812
0.610507246376812
0.610507246376812
0.610507246376812
0.610507246376812
0.610507246376812
0.610507246376812
0.610507246376812
0.610507246376812
0.610507246376812
0.610507246376812
0.610507246376812
0.610507246376812
0.610507246376812
0.610507246376812
0.610507246376812
0.610507246376812
0.610507246376812
0.610507246376812
0.610507246376812
0.610507246376812
0.48188405797101497
0.485507246376812
0.485507246376812
0.485507246376812
0.485507246376812
0.485507246376812
0.485507246376812
0.485507246376812
0.485507246376812
0.485507246376812
0.485507246376812
0.485507246376812
0.485507246376812
0.485507246376812
0.485507246376812
0.485507246376812
0.485507246376812
0.485507246376812
0.485507246376812
0.485507246376812
0.485507246376812
0.485507246376812
0.485507246376812
0.485507246376812
0.485507246376812
0.485507246376812
0.485507246376812
0.485507246376812
0.485507246376812
0.485507246376812
0.485507246376812
0.485507246376812
0.485507246376812
0.485507246376812
0.485507246376812
0.485507246376812
0.485507246376812
0.485507246376812
0.485507246376812
0.485507246376812
0.485507246376812
0.485507246376812
0.485507246376812
0.485507246376812
0.485507246376812
0.485507246376812
0.485507246376812
0.485507246376812
0.485507246376812
0.485507246376812
0.485507246376812
0.485507246376812
0.485507246376812
0.485507246376812
0.485507246376812
0.485507246376812
0.485507246376812
0.485507246376812
0.485507246376812
0.485507246376812
0.485507246376812
0.46739130434782605
0.46739130434782605
0.46739130434782605
0.46739130434782605
0.46739130434782605
0.46739130434782605
0.46739130434782605
0.46739130434782605
0.46739130434782605
0.46739130434782605
0.46739130434782605
0.46739130434782605
0.46739130434782605
0.46739130434782605
0.46739130434782605
0.46739130434782605
0.46739130434782605
0.46739130434782605
0.46739130434782605
0.46739130434782605
0.46739130434782605
0.46739130434782605
0.46739130434782605
0.46739130434782605
0.46739130434782605
0.46739130434782605
0.46739130434782605
0.46739130434782605
0.46739130434782605
0.46739130434782605
0.46739130434782605
