0.467455621301775
0.467455621301775
0.467455621301775
0.467455621301775
0.467455621301775
0.467455621301775
0.467455621301775
0.467455621301775
0.467455621301775
0.467455621301775
0.467455621301775
0.467455621301775
0.467455621301775
0.467455621301775
0.467455621301775
0.467455621301775
0.467455621301775
0.467455621301775
0.467455621301775
0.467455621301775
0.467455621301775
0.467455621301775
0.467455621301775
0.467455621301775
0.467455621301775
0.467455621301775
0.467455621301775
0.467455621301775
0.467455621301775
0.467455621301775
0.467455621301775
0.404339250493097
0.404339250493097
0.404339250493097
0.404339250493097
0.404339250493097
0.404339250493097
0.404339250493097
0.404339250493097
0.404339250493097
0.404339250493097
0.404339250493097
0.404339250493097
0.404339250493097
0.404339250493097
0.404339250493097
0.404339250493097
0.404339250493097
0.404339250493097
0.404339250493097
0.404339250493097
0.404339250493097
0.404339250493097
0.404339250493097
0.404339250493097
0.404339250493097
0.404339250493097
0.404339250493097
0.404339250493097
0.398422090729783
0.398422090729783
0.398422090729783
0.398422090729783
0.398422090729783
0.398422090729783
0.398422090729783
0.398422090729783
0.398422090729783
0.398422090729783
0.398422090729783
0.398422090729783
0.398422090729783
0.398422090729783
0.398422090729783
0.398422090729783
0.398422090729783
0.398422090729783
0.398422090729783
0.398422090729783
0.398422090729783
0.398422090729783
0.398422090729783
0.398422090729783
0.398422090729783
0.398422090729783
0.398422090729783
0.398422090729783
0.398422090729783
0.398422090729783
0.398422090729783
0.378698224852071
0.378698224852071
0.378698224852071
0.378698224852071
0.378698224852071
0.378698224852071
0.378698224852071
0.378698224852071
0.378698224852071
0.378698224852071
0.378698224852071
0.378698224852071
0.378698224852071
0.378698224852071
0.378698224852071
0.378698224852071
0.378698224852071
0.378698224852071
0.378698224852071
0.378698224852071
0.378698224852071
0.378698224852071
0.378698224852071
0.378698224852071
0.378698224852071
0.378698224852071
0.378698224852071
0.378698224852071
0.378698224852071
0.378698224852071
0.366863905325444
0.366863905325444
0.366863905325444
0.366863905325444
0.366863905325444
0.366863905325444
0.366863905325444
0.366863905325444
0.366863905325444
0.366863905325444
0.366863905325444
0.366863905325444
0.366863905325444
0.366863905325444
0.366863905325444
0.366863905325444
0.366863905325444
0.366863905325444
0.366863905325444
0.366863905325444
0.366863905325444
0.366863905325444
0.366863905325444
0.366863905325444
0.366863905325444
0.366863905325444
0.366863905325444
0.366863905325444
0.366863905325444
0.366863905325444
0.366863905325444
0.611439842209073
0.611439842209073
0.611439842209073
0.611439842209073
0.611439842209073
0.611439842209073
0.611439842209073
0.611439842209073
0.611439842209073
0.611439842209073
0.611439842209073
0.611439842209073
0.611439842209073
0.611439842209073
0.611439842209073
0.611439842209073
0.611439842209073
0.611439842209073
0.611439842209073
0.611439842209073
0.611439842209073
0.611439842209073
0.611439842209073
0.611439842209073
0.611439842209073
0.611439842209073
0.611439842209073
0.611439842209073
0.611439842209073
0.611439842209073
0.775147928994083
0.775147928994083
0.775147928994083
0.775147928994083
0.775147928994083
0.775147928994083
0.775147928994083
0.775147928994083
0.775147928994083
0.775147928994083
0.775147928994083
0.775147928994083
0.775147928994083
0.775147928994083
0.775147928994083
0.775147928994083
0.775147928994083
0.775147928994083
0.775147928994083
0.775147928994083
0.775147928994083
0.775147928994083
0.775147928994083
0.775147928994083
0.775147928994083
0.775147928994083
0.775147928994083
0.775147928994083
0.775147928994083
0.775147928994083
0.775147928994083
0.715976331360947
0.715976331360947
0.715976331360947
0.715976331360947
0.715976331360947
0.715976331360947
0.715976331360947
0.715976331360947
0.715976331360947
0.715976331360947
0.715976331360947
0.715976331360947
0.715976331360947
0.715976331360947
0.715976331360947
0.715976331360947
0.715976331360947
0.715976331360947
0.715976331360947
0.715976331360947
0.715976331360947
0.715976331360947
0.715976331360947
0.715976331360947
0.715976331360947
0.715976331360947
0.715976331360947
0.715976331360947
0.715976331360947
0.715976331360947
0.715976331360947
0.518737672583826
0.518737672583826
0.518737672583826
0.518737672583826
0.518737672583826
0.518737672583826
0.518737672583826
0.518737672583826
0.518737672583826
0.518737672583826
0.518737672583826
0.518737672583826
0.518737672583826
0.518737672583826
0.518737672583826
0.518737672583826
0.518737672583826
0.518737672583826
0.518737672583826
0.518737672583826
0.518737672583826
0.518737672583826
0.518737672583826
0.518737672583826
0.518737672583826
0.518737672583826
0.518737672583826
0.518737672583826
0.518737672583826
0.518737672583826
0.435897435897436
0.435897435897436
0.435897435897436
0.435897435897436
0.435897435897436
0.435897435897436
0.435897435897436
0.435897435897436
0.435897435897436
0.435897435897436
0.435897435897436
0.435897435897436
0.435897435897436
0.435897435897436
0.435897435897436
0.435897435897436
0.435897435897436
0.435897435897436
0.435897435897436
0.435897435897436
0.435897435897436
0.435897435897436
0.435897435897436
0.435897435897436
0.435897435897436
0.435897435897436
0.435897435897436
0.435897435897436
0.435897435897436
0.435897435897436
0.435897435897436
0.384615384615385
0.384615384615385
0.384615384615385
0.384615384615385
0.384615384615385
0.384615384615385
0.384615384615385
0.384615384615385
0.384615384615385
0.384615384615385
0.384615384615385
0.384615384615385
0.384615384615385
0.384615384615385
0.384615384615385
0.384615384615385
0.384615384615385
0.384615384615385
0.384615384615385
0.384615384615385
0.384615384615385
0.384615384615385
0.384615384615385
0.384615384615385
0.384615384615385
0.384615384615385
0.384615384615385
0.384615384615385
0.384615384615385
0.384615384615385
0.31163708086785
0.31163708086785
0.31163708086785
0.31163708086785
0.31163708086785
0.31163708086785
0.31163708086785
0.31163708086785
0.31163708086785
0.31163708086785
0.31163708086785
0.31163708086785
0.31163708086785
0.31163708086785
0.31163708086785
0.31163708086785
0.31163708086785
0.31163708086785
0.31163708086785
0.31163708086785
0.31163708086785
0.31163708086785
0.31163708086785
0.31163708086785
0.31163708086785
0.31163708086785
0.31163708086785
0.31163708086785
0.31163708086785
0.31163708086785
0.31163708086785
