0.725
0.7293027
0.7336003
0.73788771
0.74215985
0.74641164
0.75063806
0.7548341
0.75899477
0.76311515
0.76719036
0.77121557
0.775186
0.77909695
0.78294378
0.78672194
0.79042695
0.79405441
0.79760003
0.80105961
0.80442904
0.80770433
0.8108816
0.81395708
0.81692713
0.81978823
0.82253698
0.82517014
0.82768457
0.8300773
0.83234549
0.83448646
0.83649767
0.83837673
0.84012141
0.84172965
0.84319955
0.84452935
0.84571749
0.84676256
0.84766331
0.84841868
0.84902778
0.84948987
0.84980443
0.84997106
0.84998958
0.84985996
0.84958236
0.84915711
0.8485847
0.84786582
0.84700132
0.84599222
0.84483973
0.8435452
0.84211017
0.84053634
0.83882558
0.83697991
0.83500153
0.83289277
0.83065613
0.82829427
0.82580999
0.82320623
0.82048608
0.81765275
0.81470961
0.81166015
0.80850798
0.80525684
0.80191057
0.79847316
0.79494866
0.79134126
0.78765523
0.78389494
0.78006485
0.77616949
0.7722135
0.76820154
0.76413838
0.76002883
0.75587777
0.75169011
0.74747082
0.7432249
0.73895738
0.73467331
0.73037778
0.72607587
0.72177269
0.71747334
0.71318291
0.70890648
0.70464912
0.70041589
0.69621179
0.69204181
0.6879109
0.68382394
0.67978578
0.67580122
0.67187496
0.66801166
0.66421591
0.6604922
0.65684495
0.65327847
0.64979699
0.64640465
0.64310546
0.63990332
0.63680205
0.63380531
0.63091665
0.62813949
0.62547714
0.62293274
0.62050932
0.61820973
0.61603671
0.61399283
0.61208052
0.61030205
0.60865951
0.60715486
0.60578988
0.60456618
0.60348523
0.60254829
0.60175648
0.60111074
0.60061184
0.60026035
0.60005671
0.60000116
0.60009375
0.60033438
0.60072276
0.60125844
0.60194077
0.60276896
0.60374201
0.60485878
0.60611794
0.60751799
0.60905729
0.610734
0.61254614
0.61449156
0.61656796
0.61877286
0.62110367
0.62355762
0.62613179
0.62882315
0.63162849
0.6345445
0.63756771
0.64069455
0.6439213
0.64724416
0.65065916
0.65416228
0.65774935
0.66141613
0.66515827
0.66897133
0.6728508
0.67679207
0.68079048
0.68484129
0.6889397
0.69308084
0.69725981
0.70147166
0.7057114
0.70997399
0.7142544
0.71854754
0.72284833
0.72715167
0.73145246
0.7357456
0.74002601
0.7442886
0.74852834
0.75274019
0.75691916
0.7610603
0.76515871
0.76920952
0.77320793
0.7771492
0.78102867
0.78484173
0.78858387
0.79225065
0.79583772
0.79934084
0.80275584
0.8060787
0.80930545
0.81243229
0.8154555
0.81837151
0.82117685
0.82386821
0.82644238
0.82889633
0.83122714
0.83343204
0.83550844
0.83745386
0.839266
0.84094271
0.84248201
0.84388206
0.84514122
0.84625799
0.84723104
0.84805923
0.84874156
0.84927724
0.84966562
0.84990625
0.84999884
0.84994329
0.84973965
0.84938816
0.84888926
0.84824352
0.84745171
0.84651477
0.84543382
0.84421012
0.84284514
0.84134049
0.83969795
0.83791948
0.83600717
0.83396329
0.83179027
0.82949068
0.82706726
0.82452286
0.82186051
0.81908335
0.81619469
0.81319795
0.81009668
0.80689454
0.80359535
0.80020301
0.79672153
0.79315505
0.7895078
0.78578409
0.78198834
0.77812504
0.77419878
0.77021422
0.76617606
0.7620891
0.75795819
0.75378821
0.74958411
0.74535088
0.74109352
0.73681709
0.73252666
0.72822731
0.72392413
0.71962222
0.71532669
0.71104262
0.7067751
0.70252918
0.69830989
0.69412223
0.68997117
0.68586162
0.68179846
0.6777865
0.67383051
0.66993515
0.66610506
0.66234477
0.65865874
0.65505134
0.65152684
0.64808943
0.64474316
0.64149202
0.63833985
0.63529039
0.63234725
0.62951392
0.62679377
0.62419001
0.62170573
0.61934387
0.61710723
0.61499847
0.61302009
0.61117442
0.60946366
0.60788983
0.6064548
0.60516027
0.60400778
0.60299868
0.60213418
0.6014153
0.60084289
0.60041764
0.60014004
0.60001042
0.60002894
0.60019557
0.60051013
0.60097222
0.60158132
0.60233669
0.60323744
0.60428251
0.60547065
0.60680045
0.60827035
0.60987859
0.61162327
0.61350233
0.61551354
0.61765451
0.6199227
0.62231543
0.62482986
0.62746302
0.63021177
0.63307287
0.63604292
0.6391184
0.64229567
0.64557096
0.64894039
0.65239997
0.65594559
0.65957305
0.66327806
0.66705622
0.67090305
0.674814
0.67878443
0.68280964
0.68688485
0.69100523
0.6951659
0.69936194
0.70358836
0.70784015
0.71211229
0.7163997
0.7206973
