0.945570570570571
0.945570570570571
0.945570570570571
0.945570570570571
0.945570570570571
0.945570570570571
0.945570570570571
0.945570570570571
0.945570570570571
0.945570570570571
0.945570570570571
0.945570570570571
0.945570570570571
0.945570570570571
0.945570570570571
0.945570570570571
0.945570570570571
0.945570570570571
0.945570570570571
0.945570570570571
0.945570570570571
0.945570570570571
0.945570570570571
0.945570570570571
0.945570570570571
0.945570570570571
0.945570570570571
0.945570570570571
0.945570570570571
0.945570570570571
0.945570570570571
0.972514147130154
0.972514147130154
0.972514147130154
0.972514147130154
0.972514147130154
0.972514147130154
0.972514147130154
0.972514147130154
0.972514147130154
0.972514147130154
0.972514147130154
0.972514147130154
0.972514147130154
0.972514147130154
0.972514147130154
0.972514147130154
0.972514147130154
0.972514147130154
0.972514147130154
0.972514147130154
0.972514147130154
0.972514147130154
0.972514147130154
0.972514147130154
0.972514147130154
0.972514147130154
0.972514147130154
0.972514147130154
0.920845272206304
0.920845272206304
0.920845272206304
0.920845272206304
0.920845272206304
0.920845272206304
0.920845272206304
0.920845272206304
0.920845272206304
0.920845272206304
0.920845272206304
0.920845272206304
0.920845272206304
0.920845272206304
0.920845272206304
0.920845272206304
0.920845272206304
0.920845272206304
0.920845272206304
0.920845272206304
0.920845272206304
0.920845272206304
0.920845272206304
0.920845272206304
0.920845272206304
0.920845272206304
0.920845272206304
0.920845272206304
0.920845272206304
0.920845272206304
0.920845272206304
0.812016218208625
0.812016218208625
0.812016218208625
0.812016218208625
0.812016218208625
0.812016218208625
0.812016218208625
0.812016218208625
0.812016218208625
0.812016218208625
0.812016218208625
0.812016218208625
0.812016218208625
0.812016218208625
0.812016218208625
0.812016218208625
0.812016218208625
0.812016218208625
0.812016218208625
0.812016218208625
0.812016218208625
0.812016218208625
0.812016218208625
0.812016218208625
0.812016218208625
0.812016218208625
0.812016218208625
0.812016218208625
0.812016218208625
0.812016218208625
0.730050323508267
0.730050323508267
0.730050323508267
0.730050323508267
0.730050323508267
0.730050323508267
0.730050323508267
0.730050323508267
0.730050323508267
0.730050323508267
0.730050323508267
0.730050323508267
0.730050323508267
0.730050323508267
0.730050323508267
0.730050323508267
0.730050323508267
0.730050323508267
0.730050323508267
0.730050323508267
0.730050323508267
0.730050323508267
0.730050323508267
0.730050323508267
0.730050323508267
0.730050323508267
0.730050323508267
0.730050323508267
0.730050323508267
0.730050323508267
0.730050323508267
0.697373905794081
0.697373905794081
0.697373905794081
0.697373905794081
0.697373905794081
0.697373905794081
0.697373905794081
0.697373905794081
0.697373905794081
0.697373905794081
0.697373905794081
0.697373905794081
0.697373905794081
0.697373905794081
0.697373905794081
0.697373905794081
0.697373905794081
0.697373905794081
0.697373905794081
0.697373905794081
0.697373905794081
0.697373905794081
0.697373905794081
0.697373905794081
0.697373905794081
0.697373905794081
0.697373905794081
0.697373905794081
0.697373905794081
0.697373905794081
0.76248992747784
0.76248992747784
0.76248992747784
0.76248992747784
0.76248992747784
0.76248992747784
0.76248992747784
0.76248992747784
0.76248992747784
0.76248992747784
0.76248992747784
0.76248992747784
0.76248992747784
0.76248992747784
0.76248992747784
0.76248992747784
0.76248992747784
0.76248992747784
0.76248992747784
0.76248992747784
0.76248992747784
0.76248992747784
0.76248992747784
0.76248992747784
0.76248992747784
0.76248992747784
0.76248992747784
0.76248992747784
0.76248992747784
0.76248992747784
0.76248992747784
0.764705882352941
0.764705882352941
0.764705882352941
0.764705882352941
0.764705882352941
0.764705882352941
0.764705882352941
0.764705882352941
0.764705882352941
0.764705882352941
0.764705882352941
0.764705882352941
0.764705882352941
0.764705882352941
0.764705882352941
0.764705882352941
0.764705882352941
0.764705882352941
0.764705882352941
0.764705882352941
0.764705882352941
0.764705882352941
0.764705882352941
0.764705882352941
0.764705882352941
0.764705882352941
0.764705882352941
0.764705882352941
0.764705882352941
0.764705882352941
0.764705882352941
0.829446064139942
0.829446064139942
0.829446064139942
0.829446064139942
0.829446064139942
0.829446064139942
0.829446064139942
0.829446064139942
0.829446064139942
0.829446064139942
0.829446064139942
0.829446064139942
0.829446064139942
0.829446064139942
0.829446064139942
0.829446064139942
0.829446064139942
0.829446064139942
0.829446064139942
0.829446064139942
0.829446064139942
0.829446064139942
0.829446064139942
0.829446064139942
0.829446064139942
0.829446064139942
0.829446064139942
0.829446064139942
0.829446064139942
0.829446064139942
0.85889694041868
0.85889694041868
0.85889694041868
0.85889694041868
0.85889694041868
0.85889694041868
0.85889694041868
0.85889694041868
0.85889694041868
0.85889694041868
0.85889694041868
0.85889694041868
0.85889694041868
0.85889694041868
0.85889694041868
0.85889694041868
0.85889694041868
0.85889694041868
0.85889694041868
0.85889694041868
0.85889694041868
0.85889694041868
0.85889694041868
0.85889694041868
0.85889694041868
0.85889694041868
0.85889694041868
0.85889694041868
0.85889694041868
0.85889694041868
0.85889694041868
0.931174957118353
0.931174957118353
0.931174957118353
0.931174957118353
0.931174957118353
0.931174957118353
0.931174957118353
0.931174957118353
0.931174957118353
0.931174957118353
0.931174957118353
0.931174957118353
0.931174957118353
0.931174957118353
0.931174957118353
0.931174957118353
0.931174957118353
0.931174957118353
0.931174957118353
0.931174957118353
0.931174957118353
0.931174957118353
0.931174957118353
0.931174957118353
0.931174957118353
0.931174957118353
0.931174957118353
0.931174957118353
0.931174957118353
0.931174957118353
0.945012264922322
0.945012264922322
0.945012264922322
0.945012264922322
0.945012264922322
0.945012264922322
0.945012264922322
0.945012264922322
0.945012264922322
0.945012264922322
0.945012264922322
0.945012264922322
0.945012264922322
0.945012264922322
0.945012264922322
0.945012264922322
0.945012264922322
0.945012264922322
0.945012264922322
0.945012264922322
0.945012264922322
0.945012264922322
0.945012264922322
0.945012264922322
0.945012264922322
0.945012264922322
0.945012264922322
0.945012264922322
0.945012264922322
0.945012264922322
0.945012264922322
