0.64
0.64
0.64
0.64
0.64
0.64
0.64
0.64
0.64
0.64
0.64
0.64
0.64
0.64
0.64
0.64
0.64
0.64
0.64
0.64
0.64
0.64
0.64
0.64
0.64
0.64
0.64
0.64
0.64
0.64
0.64
0.66999996
0.66999996
0.66999996
0.66999996
0.66999996
0.66999996
0.66999996
0.66999996
0.66999996
0.66999996
0.66999996
0.66999996
0.66999996
0.66999996
0.66999996
0.66999996
0.66999996
0.66999996
0.66999996
0.66999996
0.66999996
0.66999996
0.66999996
0.66999996
0.66999996
0.66999996
0.66999996
0.66999996
0.72
0.72
0.72
0.72
0.72
0.72
0.72
0.72
0.72
0.72
0.72
0.72
0.72
0.72
0.72
0.72
0.72
0.72
0.72
0.72
0.72
0.72
0.72
0.72
0.72
0.72
0.72
0.72
0.72
0.72
0.72
0.72
0.72
0.72
0.72
0.72
0.72
0.72
0.72
0.72
0.72
0.72
0.72
0.72
0.72
0.72
0.72
0.72
0.72
0.72
0.72
0.72
0.72
0.72
0.72
0.72
0.72
0.72
0.72
0.72
0.72
0.78499997
0.78499997
0.78499997
0.78499997
0.78499997
0.78499997
0.78499997
0.78499997
0.78499997
0.78499997
0.78499997
0.78499997
0.78499997
0.78499997
0.78499997
0.78499997
0.78499997
0.78499997
0.78499997
0.78499997
0.78499997
0.78499997
0.78499997
0.78499997
0.78499997
0.78499997
0.78499997
0.78499997
0.78499997
0.78499997
0.78499997
0.8
0.8
0.8
0.8
0.8
0.8
0.8
0.8
0.8
0.8
0.8
0.8
0.8
0.8
0.8
0.8
0.8
0.8
0.8
0.8
0.8
0.8
0.8
0.8
0.8
0.8
0.8
0.8
0.8
0.8
0.87
0.87
0.87
0.87
0.87
0.87
0.87
0.87
0.87
0.87
0.87
0.87
0.87
0.87
0.87
0.87
0.87
0.87
0.87
0.87
0.87
0.87
0.87
0.87
0.87
0.87
0.87
0.87
0.87
0.87
0.87
0.78499997
0.78499997
0.78499997
0.78499997
0.78499997
0.78499997
0.78499997
0.78499997
0.78499997
0.78499997
0.78499997
0.78499997
0.78499997
0.78499997
0.78499997
0.78499997
0.78499997
0.78499997
0.78499997
0.78499997
0.78499997
0.78499997
0.78499997
0.78499997
0.78499997
0.78499997
0.78499997
0.78499997
0.78499997
0.78499997
0.78499997
0.8
0.8
0.8
0.8
0.8
0.8
0.8
0.8
0.8
0.8
0.8
0.8
0.8
0.8
0.8
0.8
0.8
0.8
0.8
0.8
0.8
0.8
0.8
0.8
0.8
0.8
0.8
0.8
0.8
0.8
0.8
0.8
0.8
0.8
0.8
0.8
0.8
0.8
0.8
0.8
0.8
0.8
0.8
0.8
0.8
0.8
0.8
0.8
0.8
0.8
0.8
0.8
0.8
0.8
0.8
0.8
0.8
0.8
0.8
0.8
0.8
0.7525
0.7525
0.7525
0.7525
0.7525
0.7525
0.7525
0.7525
0.7525
0.7525
0.7525
0.7525
0.7525
0.7525
0.7525
0.7525
0.7525
0.7525
0.7525
0.7525
0.7525
0.7525
0.7525
0.7525
0.7525
0.7525
0.7525
0.7525
0.7525
0.7525
0.795
0.795
0.795
0.795
0.795
0.795
0.795
0.795
0.795
0.795
0.795
0.795
0.795
0.795
0.795
0.795
0.795
0.795
0.795
0.795
0.795
0.795
0.795
0.795
0.795
0.795
0.795
0.795
0.795
0.795
0.795
