0.694386694386694
0.694386694386694
0.694386694386694
0.694386694386694
0.694386694386694
0.694386694386694
0.694386694386694
0.694386694386694
0.694386694386694
0.694386694386694
0.694386694386694
0.694386694386694
0.694386694386694
0.694386694386694
0.694386694386694
0.694386694386694
0.694386694386694
0.694386694386694
0.694386694386694
0.694386694386694
0.694386694386694
0.694386694386694
0.694386694386694
0.694386694386694
0.694386694386694
0.694386694386694
0.694386694386694
0.694386694386694
0.694386694386694
0.694386694386694
0.694386694386694
0.592515592515592
0.592515592515592
0.592515592515592
0.592515592515592
0.592515592515592
0.592515592515592
0.592515592515592
0.592515592515592
0.592515592515592
0.592515592515592
0.592515592515592
0.592515592515592
0.592515592515592
0.592515592515592
0.592515592515592
0.592515592515592
0.592515592515592
0.592515592515592
0.592515592515592
0.592515592515592
0.592515592515592
0.592515592515592
0.592515592515592
0.592515592515592
0.592515592515592
0.592515592515592
0.592515592515592
0.592515592515592
0.735966735966736
0.735966735966736
0.735966735966736
0.735966735966736
0.735966735966736
0.735966735966736
0.735966735966736
0.735966735966736
0.735966735966736
0.735966735966736
0.735966735966736
0.735966735966736
0.735966735966736
0.735966735966736
0.735966735966736
0.735966735966736
0.735966735966736
0.735966735966736
0.735966735966736
0.735966735966736
0.735966735966736
0.735966735966736
0.735966735966736
0.735966735966736
0.735966735966736
0.735966735966736
0.735966735966736
0.735966735966736
0.735966735966736
0.735966735966736
0.735966735966736
0.787941787941788
0.787941787941788
0.787941787941788
0.787941787941788
0.787941787941788
0.787941787941788
0.787941787941788
0.787941787941788
0.787941787941788
0.787941787941788
0.787941787941788
0.787941787941788
0.787941787941788
0.787941787941788
0.787941787941788
0.787941787941788
0.787941787941788
0.787941787941788
0.787941787941788
0.787941787941788
0.787941787941788
0.787941787941788
0.787941787941788
0.787941787941788
0.787941787941788
0.787941787941788
0.787941787941788
0.787941787941788
0.787941787941788
0.787941787941788
0.875259875259875
0.875259875259875
0.875259875259875
0.875259875259875
0.875259875259875
0.875259875259875
0.875259875259875
0.875259875259875
0.875259875259875
0.875259875259875
0.875259875259875
0.875259875259875
0.875259875259875
0.875259875259875
0.875259875259875
0.875259875259875
0.875259875259875
0.875259875259875
0.875259875259875
0.875259875259875
0.875259875259875
0.875259875259875
0.875259875259875
0.875259875259875
0.875259875259875
0.875259875259875
0.875259875259875
0.875259875259875
0.875259875259875
0.875259875259875
0.875259875259875
0.846153846153846
0.846153846153846
0.846153846153846
0.846153846153846
0.846153846153846
0.846153846153846
0.846153846153846
0.846153846153846
0.846153846153846
0.846153846153846
0.846153846153846
0.846153846153846
0.846153846153846
0.846153846153846
0.846153846153846
0.846153846153846
0.846153846153846
0.846153846153846
0.846153846153846
0.846153846153846
0.846153846153846
0.846153846153846
0.846153846153846
0.846153846153846
0.846153846153846
0.846153846153846
0.846153846153846
0.846153846153846
0.846153846153846
0.846153846153846
0.330561330561331
0.330561330561331
0.330561330561331
0.330561330561331
0.330561330561331
0.330561330561331
0.330561330561331
0.330561330561331
0.330561330561331
0.330561330561331
0.330561330561331
0.330561330561331
0.330561330561331
0.330561330561331
0.330561330561331
0.330561330561331
0.330561330561331
0.330561330561331
0.330561330561331
0.330561330561331
0.330561330561331
0.330561330561331
0.330561330561331
0.330561330561331
0.330561330561331
0.330561330561331
0.330561330561331
0.330561330561331
0.330561330561331
0.330561330561331
0.330561330561331
0.457380457380457
0.457380457380457
0.457380457380457
0.457380457380457
0.457380457380457
0.457380457380457
0.457380457380457
0.457380457380457
0.457380457380457
0.457380457380457
0.457380457380457
0.457380457380457
0.457380457380457
0.457380457380457
0.457380457380457
0.457380457380457
0.457380457380457
0.457380457380457
0.457380457380457
0.457380457380457
0.457380457380457
0.457380457380457
0.457380457380457
0.457380457380457
0.457380457380457
0.457380457380457
0.457380457380457
0.457380457380457
0.457380457380457
0.457380457380457
0.457380457380457
0.62993762993763
0.62993762993763
0.62993762993763
0.62993762993763
0.62993762993763
0.62993762993763
0.62993762993763
0.62993762993763
0.62993762993763
0.62993762993763
0.62993762993763
0.62993762993763
0.62993762993763
0.62993762993763
0.62993762993763
0.62993762993763
0.62993762993763
0.62993762993763
0.62993762993763
0.62993762993763
0.62993762993763
0.62993762993763
0.62993762993763
0.62993762993763
0.62993762993763
0.62993762993763
0.62993762993763
0.62993762993763
0.62993762993763
0.62993762993763
0.74012474012474
0.74012474012474
0.74012474012474
0.74012474012474
0.74012474012474
0.74012474012474
0.74012474012474
0.74012474012474
0.74012474012474
0.74012474012474
0.74012474012474
0.74012474012474
0.74012474012474
0.74012474012474
0.74012474012474
0.74012474012474
0.74012474012474
0.74012474012474
0.74012474012474
0.74012474012474
0.74012474012474
0.74012474012474
0.74012474012474
0.74012474012474
0.74012474012474
0.74012474012474
0.74012474012474
0.74012474012474
0.74012474012474
0.74012474012474
0.74012474012474
0.654885654885655
0.654885654885655
0.654885654885655
0.654885654885655
0.654885654885655
0.654885654885655
0.654885654885655
0.654885654885655
0.654885654885655
0.654885654885655
0.654885654885655
0.654885654885655
0.654885654885655
0.654885654885655
0.654885654885655
0.654885654885655
0.654885654885655
0.654885654885655
0.654885654885655
0.654885654885655
0.654885654885655
0.654885654885655
0.654885654885655
0.654885654885655
0.654885654885655
0.654885654885655
0.654885654885655
0.654885654885655
0.654885654885655
0.654885654885655
0.571725571725572
0.571725571725572
0.571725571725572
0.571725571725572
0.571725571725572
0.571725571725572
0.571725571725572
0.571725571725572
0.571725571725572
0.571725571725572
0.571725571725572
0.571725571725572
0.571725571725572
0.571725571725572
0.571725571725572
0.571725571725572
0.571725571725572
0.571725571725572
0.571725571725572
0.571725571725572
0.571725571725572
0.571725571725572
0.571725571725572
0.571725571725572
0.571725571725572
0.571725571725572
0.571725571725572
0.571725571725572
0.571725571725572
0.571725571725572
0.571725571725572
