0.6338266
0.6338266
0.6338266
0.6338266
0.6338266
0.6338266
0.6338266
0.6338266
0.6338266
0.6338266
0.6338266
0.6338266
0.6338266
0.6338266
0.6338266
0.6338266
0.6338266
0.6338266
0.6338266
0.6338266
0.6338266
0.6338266
0.6338266
0.6338266
0.6338266
0.6338266
0.6338266
0.6338266
0.6338266
0.6338266
0.6338266
0.5176634
0.5176634
0.5176634
0.5176634
0.5176634
0.5176634
0.5176634
0.5176634
0.5176634
0.5176634
0.5176634
0.5176634
0.5176634
0.5176634
0.5176634
0.5176634
0.5176634
0.5176634
0.5176634
0.5176634
0.5176634
0.5176634
0.5176634
0.5176634
0.5176634
0.5176634
0.5176634
0.5176634
0.6640001
0.6640001
0.6640001
0.6640001
0.6640001
0.6640001
0.6640001
0.6640001
0.6640001
0.6640001
0.6640001
0.6640001
0.6640001
0.6640001
0.6640001
0.6640001
0.6640001
0.6640001
0.6640001
0.6640001
0.6640001
0.6640001
0.6640001
0.6640001
0.6640001
0.6640001
0.6640001
0.6640001
0.6640001
0.6640001
0.6640001
0.6998106
0.6998106
0.6998106
0.6998106
0.6998106
0.6998106
0.6998106
0.6998106
0.6998106
0.6998106
0.6998106
0.6998106
0.6998106
0.6998106
0.6998106
0.6998106
0.6998106
0.6998106
0.6998106
0.6998106
0.6998106
0.6998106
0.6998106
0.6998106
0.6998106
0.6998106
0.6998106
0.6998106
0.6998106
0.6998106
0.7829793
0.7829793
0.7829793
0.7829793
0.7829793
0.7829793
0.7829793
0.7829793
0.7829793
0.7829793
0.7829793
0.7829793
0.7829793
0.7829793
0.7829793
0.7829793
0.7829793
0.7829793
0.7829793
0.7829793
0.7829793
0.7829793
0.7829793
0.7829793
0.7829793
0.7829793
0.7829793
0.7829793
0.7829793
0.7829793
0.7829793
0.7181318
0.7181318
0.7181318
0.7181318
0.7181318
0.7181318
0.7181318
0.7181318
0.7181318
0.7181318
0.7181318
0.7181318
0.7181318
0.7181318
0.7181318
0.7181318
0.7181318
0.7181318
0.7181318
0.7181318
0.7181318
0.7181318
0.7181318
0.7181318
0.7181318
0.7181318
0.7181318
0.7181318
0.7181318
0.7181318
0.3967055
0.3967055
0.3967055
0.3967055
0.3967055
0.3967055
0.3967055
0.3967055
0.3967055
0.3967055
0.3967055
0.3967055
0.3967055
0.3967055
0.3967055
0.3967055
0.3967055
0.3967055
0.3967055
0.3967055
0.3967055
0.3967055
0.3967055
0.3967055
0.3967055
0.3967055
0.3967055
0.3967055
0.3967055
0.3967055
0.3967055
0.519358
0.519358
0.519358
0.519358
0.519358
0.519358
0.519358
0.519358
0.519358
0.519358
0.519358
0.519358
0.519358
0.519358
0.519358
0.519358
0.519358
0.519358
0.519358
0.519358
0.519358
0.519358
0.519358
0.519358
0.519358
0.519358
0.519358
0.519358
0.519358
0.519358
0.519358
0.6874053
0.6874053
0.6874053
0.6874053
0.6874053
0.6874053
0.6874053
0.6874053
0.6874053
0.6874053
0.6874053
0.6874053
0.6874053
0.6874053
0.6874053
0.6874053
0.6874053
0.6874053
0.6874053
0.6874053
0.6874053
0.6874053
0.6874053
0.6874053
0.6874053
0.6874053
0.6874053
0.6874053
0.6874053
0.6874053
0.6679577
0.6679577
0.6679577
0.6679577
0.6679577
0.6679577
0.6679577
0.6679577
0.6679577
0.6679577
0.6679577
0.6679577
0.6679577
0.6679577
0.6679577
0.6679577
0.6679577
0.6679577
0.6679577
0.6679577
0.6679577
0.6679577
0.6679577
0.6679577
0.6679577
0.6679577
0.6679577
0.6679577
0.6679577
0.6679577
0.6679577
0.6642944
0.6642944
0.6642944
0.6642944
0.6642944
0.6642944
0.6642944
0.6642944
0.6642944
0.6642944
0.6642944
0.6642944
0.6642944
0.6642944
0.6642944
0.6642944
0.6642944
0.6642944
0.6642944
0.6642944
0.6642944
0.6642944
0.6642944
0.6642944
0.6642944
0.6642944
0.6642944
0.6642944
0.6642944
0.6642944
0.6093052
0.6093052
0.6093052
0.6093052
0.6093052
0.6093052
0.6093052
0.6093052
0.6093052
0.6093052
0.6093052
0.6093052
0.6093052
0.6093052
0.6093052
0.6093052
0.6093052
0.6093052
0.6093052
0.6093052
0.6093052
0.6093052
0.6093052
0.6093052
0.6093052
0.6093052
0.6093052
0.6093052
0.6093052
0.6093052
0.6093052
